16 11

BoltlivijPon4ik

11.313460866285226 12.212109191084762 18.461192955105695 18.33541147328144 9.898378952206427 8.257348908210602 10.115888901858913 10.842298994349527 7.597641909453383 15.313938417822289 19.676911185169565

E4po4mak

13.001188857936022 19.856115060049014 15.824855114667841 12.609352270099436 17.174244369348465 7.797459927163365 17.581172708652403 10.864750281035395 12.129161573235246 9.816214940951749 13.368898688083922

homjakVnore

11.347812985085522 8.1599729070369 13.089902331674812 5.081480368761385 11.954680554267828 7.877382182954963 16.366295483790953 5.107763149718336 10.807120961451744 15.701990682340409 10.720756488201689

SoplivijGoblin

17.986252556038828 9.932983824444502 10.870164619504894 17.499847359377007 18.70256795175675 16.61250085165698 5.567276098772299 6.962810472663074 17.705419924597606 7.983561274156963 6.732477830910257

E4po4mak

14.223701980824872 16.9650137702616 11.684051472643453 14.477638670318383 19.086516814341362 17.125520100454743 13.246701973821814 16.385694334300723 16.887280951637774 15.232098767390378 18.951579911453006

Enot_poloskyn

19.382809336280353 16.750851033688452 13.89604827825934 15.76770931773408 5.140148860510215 5.228254587686084 7.858067772423783 9.429342102159364 15.756442973399135 16.416531338759157 8.496918896330723

4ebuRek

12.602771526792878 15.87264118106217 9.03800930195617 7.817842995683958 11.956330860281561 5.581467273059691 12.00786225379115 15.754019310398963 14.534690821554538 17.54394022957367 12.67621913574861

DirkaOtBublika

10.646132568235224 16.191693822220415 16.828713443524542 19.665649111626795 15.548905515361533 18.906343047867413 16.29963488090207 18.003817384065222 6.433955715393225 19.829676534822482 18.649067935969267

GolodnajaVbIdra

18.72189477471097 19.279851294780748 18.99731276049468 13.254871664660541 15.307152764192901 10.992731649014873 13.67287671867214 8.068219996041108 11.35398454807075 12.026440830226033 12.625983226781944

BodriyLiniveZ

9.063383610596745 11.77012770237303 16.452828207149274 12.017547602271598 16.190188279983843 15.782792431693265 15.379135978056112 12.953353126685576 7.341851886866116 19.66936836878167 11.098757708172963

BoltlivijPon4ik

12.180167276304415 18.301636334110235 16.40290157409376 15.435129052662361 12.662176008887945 17.236389472713647 7.158080462044999 7.4020508519809365 19.753384185395117 9.013607451603995 19.82033975128953

UtkonosPoteetMolokom

13.317842005865584 17.62926533861394 18.0026992029764 8.4558550505688 7.278709799943082 14.238513104740903 13.339498215026815 10.53713820238535 17.993096657998212 17.75293179376962 10.447105604024667

MohnatieNogi

5.0499960311079315 15.409167918429866 9.746719847818449 14.86517203261624 6.860710335465203 6.929937006772643 13.266909829302731 10.309867284768817 15.714982477723327 15.627681230333986 18.84607417772863

ZaikaBabaika

6.094179495003399 18.33885221926587 6.118886967020222 5.931288984250224 10.334020221304614 11.60511984303852 11.628402204363038 17.12345777358302 5.050785512032915 14.33145053403274 19.847878265664207

Bazinga

11.752153160853993 16.37085232698314 12.327203355310196 14.994882930189751 16.934870849283875 17.60704607707903 9.973475974169041 5.952037632703241 11.30828331679235 12.568564030373263 13.331803470071918

SpontannijTwerk

8.174102767327955 13.016945293002895 17.100423178734356 9.542972676097845 6.8846638543210315 14.846668920498425 8.579770720379372 18.625084399925576 9.808605594552647 10.36650237070593 18.232301851982793